   1 995
   1 817
   1 693
   1 651
   1 644
   1 514
   1 479
   2 423
   1 407
   1 391
   2 388
   1 387
   2 372
   1 359
   1 352
   1 344
   1 342
   1 337
   1 327
   1 324
   2 316
   1 314
   1 309
   1 305
   1 304
   1 303
   1 302
   1 298
   1 297
   1 294
   1 290
   1 286
   1 285
   1 284
   1 282
   1 279
   1 277
   1 275
   2 273
   1 272
   1 259
   1 255
   1 254
   2 252
   1 242
   1 237
   1 235
   1 234
   1 230
   1 229
   1 228
   2 226
   2 222
   1 219
   1 214
   1 213
   1 209
   1 207
   1 205
   1 199
   1 198
   2 190
   1 180
   1 176
   1 171
   1 163
   1 160
   1 157
   1 156
   1 145
   1 137
   1 122
   1 120
   1 117
   1 103
   1 92
   1 89
   1 79
   1 75
   1 71
   1 66
   1 64
   1 56
   1 55
   1 53
   1 52
   1 51
   1 49
   1 48
   1 47
   1 40
   1 39
   1 30
   1 29
   1 26
   2 24
